[inputs/qumulo]
version = 6.3.2
modtime = 1454368807.595807000

[app/install/is_configured]
version = 6.3.2
modtime = 1454368808.495307000

[inputs/qumulo%3A%2F%2Fget_stats]
version = 6.3.2
modtime = 1454544669.774806000

[inputs/qumulo%3A%2F%2Fget_users]
version = 6.3.2
modtime = 1454544602.864414000
