[inputs/qumulo]
version = 6.3.2
modtime = 1454368807.595807000

[app/install/is_configured]
version = 6.3.2
modtime = 1454368808.495307000
