[inputs/qumulo]
version = 6.3.2
modtime = 1455133442.429040000

[app/install/is_configured]
version = 6.3.2
modtime = 1455133443.311863000
